CO_4_6    # states: 6    state set: 0 ... 5    initial state: 0

marker states:       

      0       1       2       3       4       5 

vocal states: none


# transitions: 34

transitions: 

[    0, 14,    0]  [    0, 18,    0]  [    0, 19,    0]  [    0, 20,    0]  
[    0, 24,    0]  [    0, 27,    1]  [    0, 29,    0]  [    0, 33,    0]  
[    1, 18,    2]  [    1, 20,    1]  [    1, 22,    1]  [    1, 24,    1]  
[    1, 26,    1]  [    2, 18,    2]  [    2, 20,    3]  [    2, 22,    2]  
[    2, 24,    4]  [    2, 26,    2]  [    3, 18,    3]  [    3, 20,    3]  
[    3, 22,    0]  [    3, 24,    3]  [    3, 26,    3]  [    4, 18,    4]  
[    4, 20,    4]  [    4, 22,    4]  [    4, 24,    4]  [    4, 26,    4]  
[    4, 31,    5]  [    5, 18,    5]  [    5, 20,    5]  [    5, 22,    5]  
[    5, 24,    5]  [    5, 26,    0]  
