PLANT_TU    # states: 4    state set: 0 ... 3    initial state: 0

marker states:       

      0       1       2       3 

vocal states: none


# transitions: 28

transitions: 

[    0, 12,    0]  [    0, 22,    1]  [    0, 24,    0]  [    0, 25,    2]  
[    0, 26,    0]  [    0, 28,    0]  [    0, 30,    0]  [    1, 12,    1]  
[    1, 23,    0]  [    1, 24,    1]  [    1, 25,    3]  [    1, 26,    1]  
[    1, 28,    1]  [    1, 30,    1]  [    2, 12,    2]  [    2, 22,    3]  
[    2, 24,    2]  [    2, 26,    2]  [    2, 27,    0]  [    2, 28,    2]  
[    2, 30,    2]  [    3, 12,    3]  [    3, 23,    2]  [    3, 24,    3]  
[    3, 26,    3]  [    3, 27,    1]  [    3, 28,    3]  [    3, 30,    3]  

