sup_2    # states: 9    state set: 0 ... 8    initial state: 0

marker states:       

      1 

vocal states: none


# transitions: 24

transitions: 

[    0, 32,    1]  [    1, 29,    2]  [    1, 32,    1]  [    1, 33,    3]  
[    2, 10,    4]  [    2, 32,    2]  [    3, 26,    1]  [    3, 30,    4]  
[    3, 32,    3]  [    4, 31,    5]  [    4, 32,    4]  [    5, 18,    1]  
[    5, 29,    6]  [    5, 32,    5]  [    5, 33,    7]  [    6, 10,    8]  
[    6, 18,    2]  [    6, 32,    6]  [    7, 18,    3]  [    7, 26,    5]  
[    7, 30,    8]  [    7, 32,    7]  [    8, 18,    4]  [    8, 32,    8]  

