PLANT5    # states: 4    state set: 0 ... 3    initial state: 0

marker states:       

      0       1       2       3 

vocal states: none


# transitions: 24

transitions: 

[    0,  6,    0]  [    0,  8,    0]  [    0, 10,    0]  [    0, 12,    0]  
[    0, 33,    1]  [    0, 41,    2]  [    1,  6,    1]  [    1,  8,    1]  
[    1, 10,    1]  [    1, 12,    1]  [    1, 35,    0]  [    1, 41,    3]  
[    2,  6,    2]  [    2,  8,    2]  [    2, 10,    2]  [    2, 12,    2]  
[    2, 33,    3]  [    2, 43,    0]  [    3,  6,    3]  [    3,  8,    3]  
[    3, 10,    3]  [    3, 12,    3]  [    3, 35,    2]  [    3, 43,    1]  

