PLANT5    # states: 4    state set: 0 ... 3    initial state: 0

marker states:       

      0       1       2       3 

vocal states: none


# transitions: 24

transitions: 

[    0, 10,    0]  [    0, 12,    0]  [    0, 14,    0]  [    0, 16,    0]  
[    0, 25,    1]  [    0, 29,    2]  [    1, 10,    1]  [    1, 12,    1]  
[    1, 14,    1]  [    1, 16,    1]  [    1, 27,    0]  [    1, 29,    3]  
[    2, 10,    2]  [    2, 12,    2]  [    2, 14,    2]  [    2, 16,    2]  
[    2, 25,    3]  [    2, 31,    0]  [    3, 10,    3]  [    3, 12,    3]  
[    3, 14,    3]  [    3, 16,    3]  [    3, 27,    2]  [    3, 31,    1]  

