Small_factory\PLANT    # states: 9    state set: 0 ... 8    initial state: 0

marker states:       

      0 

vocal states: none


# transitions: 33

transitions: 

[    0,  9,    0]  [    0, 43,    1]  [    0, 47,    2]  [    1,  9,    1]  
[    1, 19,    0]  [    1, 21,    3]  [    1, 47,    4]  [    2,  9,    2]  
[    2, 17,    0]  [    2, 43,    4]  [    2, 49,    5]  [    3,  9,    3]  
[    3, 45,    0]  [    3, 47,    6]  [    4,  9,    4]  [    4, 17,    1]  
[    4, 19,    2]  [    4, 21,    6]  [    4, 49,    7]  [    5,  9,    5]  
[    5, 17,    0]  [    5, 43,    7]  [    6,  9,    6]  [    6, 17,    3]  
[    6, 45,    2]  [    6, 49,    8]  [    7,  9,    7]  [    7, 17,    1]  
[    7, 19,    5]  [    7, 21,    8]  [    8,  9,    8]  [    8, 17,    3]  
[    8, 45,    5]  
