Assembly_line\simsup2    # states: 6    state set: 0 ... 5    initial state: 0

marker states:       

      0 

vocal states: none


# transitions: 29

transitions: 

[    0,  2,    1]  [    0,  4,    0]  [    0,  5,    0]  [    1,  2,    1]  
[    1,  4,    1]  [    1,  5,    1]  [    1,  6,    2]  [    1, 13,    1]  
[    1, 15,    4]  [    2,  2,    2]  [    2,  4,    2]  [    2,  5,    2]  
[    2,  9,    3]  [    2, 11,    1]  [    3,  2,    3]  [    3,  4,    3]  
[    3,  5,    3]  [    3,  7,    1]  [    4,  2,    4]  [    4,  4,    4]  
[    4,  5,    4]  [    4,  6,    5]  [    4,  8,    1]  [    5,  2,    5]  
[    5,  4,    5]  [    5,  5,    5]  [    5,  8,    0]  [    5, 17,    4]  
[    5, 19,    5]  
