Assembly_line\simsup3    # states: 5    state set: 0 ... 4    initial state: 0

marker states:       

      0 

vocal states: none


# transitions: 29

transitions: 

[    0,  8,    0]  [    0,  9,    0]  [    0, 10,    0]  [    0, 12,    0]  
[    0, 19,    0]  [    0, 25,    1]  [    1,  8,    1]  [    1,  9,    1]  
[    1, 10,    2]  [    1, 12,    1]  [    1, 19,    1]  [    2,  8,    2]  
[    2,  9,    2]  [    2, 10,    2]  [    2, 12,    2]  [    2, 17,    3]  
[    2, 19,    2]  [    3,  8,    3]  [    3,  9,    3]  [    3, 10,    3]  
[    3, 11,    4]  [    3, 12,    3]  [    3, 19,    3]  [    4,  8,    4]  
[    4,  9,    4]  [    4, 10,    4]  [    4, 12,    4]  [    4, 19,    4]  
[    4, 27,    0]  
