sup    # states: 11    state set: 0 ... 10    initial state: 0

marker states:       

      0       1       3       6 

vocal states: none


# transitions: 27

transitions: 

[    0, 18,    1]  [    1, 18,    1]  [    1, 21,    2]  [    2, 10,    3]  
[    2, 18,    2]  [    3, 18,    3]  [    3, 21,    4]  [    3, 23,    5]  
[    4, 10,    6]  [    4, 18,    4]  [    4, 23,    7]  [    5,  8,    1]  
[    5, 18,    5]  [    5, 21,    7]  [    6, 18,    6]  [    6, 23,    8]  
[    7,  8,    2]  [    7, 10,    8]  [    7, 18,    7]  [    8,  8,    3]  
[    8, 18,    8]  [    8, 21,    9]  [    9,  8,    4]  [    9, 10,   10]  
[    9, 18,    9]  [   10,  8,    6]  [   10, 18,   10]  
