TRANSFER_LINE\Plant_TU    # states: 4    state set: 0 ... 3    initial state: 0

marker states:       

      0       1       2       3 

vocal states: none


# transitions: 28

transitions: 

[    0, 45,    0]  [    0, 67,    1]  [    0, 71,    0]  [    0, 73,    0]  
[    0, 75,    0]  [    0, 77,    0]  [    0, 79,    2]  [    1, 45,    1]  
[    1, 69,    0]  [    1, 71,    1]  [    1, 73,    1]  [    1, 75,    1]  
[    1, 77,    1]  [    1, 79,    3]  [    2, 45,    2]  [    2, 67,    3]  
[    2, 71,    2]  [    2, 73,    2]  [    2, 75,    2]  [    2, 77,    2]  
[    2, 81,    0]  [    3, 45,    3]  [    3, 69,    2]  [    3, 71,    3]  
[    3, 73,    3]  [    3, 75,    3]  [    3, 77,    3]  [    3, 81,    1]  

