PLANT    # states: 8    state set: 0 ... 7    initial state: 0

marker states:       

      0 

vocal states: none


# transitions: 28

transitions: 

[    0,  1,    1]  [    0,  3,    2]  [    0,  5,    3]  [    1,  0,    0]  
[    1,  3,    4]  [    1,  5,    5]  [    2,  1,    4]  [    2,  2,    0]  
[    2,  5,    6]  [    3,  1,    5]  [    3,  3,    6]  [    3,  4,    0]  
[    3,  6,    0]  [    4,  0,    2]  [    4,  2,    1]  [    4,  5,    7]  
[    5,  0,    3]  [    5,  3,    7]  [    5,  4,    1]  [    5,  6,    1]  
[    6,  1,    7]  [    6,  2,    3]  [    6,  4,    2]  [    6,  6,    2]  
[    7,  0,    6]  [    7,  2,    5]  [    7,  4,    4]  [    7,  6,    4]  

