sup    # states: 7    state set: 0 ... 6    initial state: 0

marker states:       

      1 

vocal states: none


# transitions: 25

transitions: 

[    0,  0,    1]  [    0,  2,    0]  [    0,  4,    0]  [    1,  0,    1]  
[    1,  1,    2]  [    1,  2,    1]  [    1,  4,    1]  [    2,  0,    2]  
[    2,  2,    2]  [    2,  4,    3]  [    3,  0,    3]  [    3,  2,    3]  
[    3,  3,    4]  [    3,  4,    3]  [    4,  0,    4]  [    4,  2,    4]  
[    4,  4,    4]  [    4,  5,    5]  [    5,  0,    5]  [    5,  2,    6]  
[    5,  4,    5]  [    6,  0,    6]  [    6,  2,    6]  [    6,  4,    6]  
[    6,  7,    1]  
