sup4    # states: 7    state set: 0 ... 6    initial state: 0

marker states:       

      1 

vocal states: none


# transitions: 25

transitions: 

[    0,  0,    1]  [    0, 10,    0]  [    0, 12,    0]  [    1,  0,    1]  
[    1, 10,    1]  [    1, 12,    1]  [    1, 21,    2]  [    2,  0,    2]  
[    2, 10,    2]  [    2, 12,    3]  [    3,  0,    3]  [    3, 10,    3]  
[    3, 12,    3]  [    3, 23,    4]  [    4,  0,    4]  [    4, 10,    4]  
[    4, 12,    4]  [    4, 25,    5]  [    5,  0,    5]  [    5, 10,    6]  
[    5, 12,    5]  [    6,  0,    6]  [    6, 10,    6]  [    6, 12,    6]  
[    6, 27,    1]  
