sup5    # states: 6    state set: 0 ... 5    initial state: 0

marker states:       

      0 

vocal states: none


# transitions: 28

transitions: 

[    0, 10,    0]  [    0, 12,    0]  [    0, 14,    0]  [    0, 16,    0]  
[    0, 25,    1]  [    1, 10,    1]  [    1, 12,    1]  [    1, 14,    1]  
[    1, 16,    1]  [    1, 27,    2]  [    2, 10,    2]  [    2, 12,    2]  
[    2, 14,    2]  [    2, 16,    2]  [    2, 29,    3]  [    3, 10,    3]  
[    3, 12,    3]  [    3, 14,    4]  [    3, 16,    3]  [    4, 10,    4]  
[    4, 12,    4]  [    4, 14,    4]  [    4, 16,    5]  [    5, 10,    5]  
[    5, 12,    5]  [    5, 14,    5]  [    5, 16,    5]  [    5, 31,    0]  

